16 50
-61 77 -86 22 54 -14 13 88 35 76 -83 68 26 94 -60 -25
-82 -13 -99 16 -46 6 -46 -49 -10 66 -55 74 -79 9 4 14
65 -3 90 -45 86 63 -69 71 -61 -30 -4 -97 -71 -32 -89 67
16 -12 -91 -87 -74 -94 23 -43 -11 -17 -48 -5 -44 35 -68 60
-38 96 -66 -39 -47 -61 12 9 -37 17 70 50 70 52 3 1
-98 37 20 87 -97 -60 -35 -91 -84 18 -23 73 84 92 -32 -29
26 83 -58 43 -54 39 -50 -69 52 16 -23 26 8 -91 32 33
33 -81 -85 -68 -58 40 -48 -72 44 43 -25 78 -39 -83 9 92
-85 17 -24 -16 84 -65 -72 -21 80 -88 -80 -76 -38 45 41 -65
3 -37 -97 17 93 85 51 -89 -18 7 -5 28 37 -14 46 -49
18 -33 -7 77 54 10 29 -59 -81 59 -4 81 -54 -19 36 -79
-73 46 54 29 7 -35 -42 67 -5 -61 -15 -84 -42 -3 32 53
51 15 47 64 64 61 32 -83 32 94 1 85 39 -83 -15 -81
-12 -75 73 29 -8 48 -67 56 -50 -53 -82 -82 -33 53 84 83
-73 56 88 64 59 96 9 52 -49 -1 -44 -34 49 -68 -48 -30
-36 31 88 -6 22 -84 -70 -88 -29 -46 -1 -78 -96 -60 14 -29
