20 100
11 16 12 5 -2 -7 -16 16 -7 -4 2 -2 0 -13 19 10 8 12 1 -13
-20 -18 -9 11 12 9 -17 14 -7 7 -7 6 -8 11 -1 -2 2 -6 10 -12
-12 5 19 -17 10 -12 -11 -17 -14 11 9 -11 10 14 -3 2 1 20 -18 18
-8 -15 18 -20 10 -14 -12 18 20 -5 -7 -14 -2 2 20 -13 -2 4 20 11
-7 -19 19 17 -15 18 -14 -12 -1 -11 19 19 -10 -16 -10 13 -16 -9 3 0
18 -9 -6 4 9 12 -2 -10 11 0 1 0 -12 -5 -6 -7 13 -18 18 2
-17 -11 -8 0 -13 -19 -17 -2 -15 -7 6 -10 -16 -14 -17 -11 -10 0 7 -1
4 18 1 -4 8 -7 -5 -17 3 -7 10 9 10 -8 -12 4 -11 8 -8 19
-1 4 -13 3 0 -8 1 -2 3 -2 -5 -17 0 -9 15 12 10 -10 -12 -10
18 3 11 -12 -20 -20 -9 4 -8 12 -2 15 -12 5 13 -12 20 -14 10 -9
-6 9 5 18 -18 -2 0 6 -5 -11 -16 5 -17 -3 9 -6 -2 15 -20 -3
-13 17 -14 10 7 2 15 11 -10 10 8 -15 10 -12 2 17 -13 -5 11 16
17 3 -1 11 9 1 3 4 -19 17 -15 -2 7 -15 -1 -9 -6 -4 -1 20
-7 6 11 2 2 -12 -6 -14 15 2 17 -1 -8 -6 15 -2 -15 5 13 -20
-14 -10 10 2 7 -7 13 12 9 -10 18 15 -10 -11 -3 -9 -19 10 9 9
-16 13 12 3 -3 -12 -4 4 -13 -1 0 -2 20 -9 16 -12 -5 -15 12 -15
4 18 -14 6 -4 6 -18 14 -12 -20 -14 17 7 14 7 20 -13 -8 -11 8
1 14 0 -2 -16 -3 19 14 -17 4 11 -6 15 12 9 0 -12 -19 18 1
-3 -10 -9 -17 -16 5 17 -4 5 -18 -12 -2 17 13 -2 14 -13 7 -2 16
-2 -15 16 9 -19 -9 1 -4 11 7 16 18 -16 -20 -2 -13 10 -14 2 -6
