20 10000
16 -7336 -8454 1211 -4530 864 9985 2168 7664 4893 -9429 584 -4439 9661 9545 -8743 -4902 -4496 8916 2693
-3086 -1984 4707 2041 -339 -9502 71 -4009 5247 2347 3374 2751 9781 -2460 458 4455 7642 992 1146 -8240
9687 -913 -8675 -2370 -5281 -8918 910 7776 -8182 -8263 -3984 -5843 -3937 -4523 131 -8228 2488 9253 -4412 -5526
-6014 592 330 1978 355 -9901 -621 -9176 -3490 -5069 867 3574 -7589 6957 5419 9862 -4510 -2765 3846 6764
648 -8616 -2521 -1918 558 -6162 3322 -866 -8668 4297 -1215 -9087 -9033 7780 -1601 8081 -766 1581 -6147 -6423
-6106 9884 -7673 -7568 -2143 -5538 -9608 -7161 8314 -9477 -2375 -6938 -4742 8855 -27 -6711 -5118 -8335 -9395 -5593
-1990 6677 -9756 2822 -2621 6829 8084 3274 -965 2329 8271 -2895 -8584 -9756 -6068 2373 2100 -7794 -8430 -6743
-402 -3922 -8784 7959 1677 -4037 -5460 -8563 -507 -4216 -3065 -2911 -547 -7920 -8908 7775 -2383 -3852 -3185 -6548
-8042 97 9265 -6904 -1633 -7500 -4516 1118 -8133 -6270 -6883 -2125 -9976 -1646 -9486 -5276 -3420 -3601 -5527 2546
3583 8507 -7508 -4108 -584 838 -2532 8950 -9655 703 1721 6496 860 -7189 2314 -8395 3839 8628 2010 -1629
-993 -8317 6979 752 1773 -2704 -1657 314 9001 -3207 -860 -8829 -2153 -8527 6088 -5722 -7692 3452 -2878 2353
1264 -4583 -1445 -6034 -6286 -9729 676 9988 130 -1141 -8364 -6949 485 8887 5642 -155 -5303 6639 -5545 6429
322 -4352 -6016 -7002 8951 1812 1760 -6144 -2344 2298 5582 9594 976 72 -1700 -3360 -1917 -315 -9080 3960
-6193 2752 -3985 7762 5624 40 7677 412 -6015 8376 2764 -1548 -2949 3344 -534 3781 -2170 -9559 2175 -9013
-5428 -2839 -1080 -7657 -111 -2828 -3899 -9959 -587 -7099 -1541 2075 -5359 9824 -7342 -150 8862 -2754 -7808 -6694
-4738 -1710 2410 -1780 -9190 -6803 2120 -7898 -5845 2073 -2007 -1522 5591 5232 -712 -2127 4380 -2521 4030 614
-4494 6410 -9049 5717 -7797 1677 1543 -2415 9760 -9983 -1152 9451 -4345 422 -1602 -4920 3879 3169 9028 -620
-3665 -8626 5739 -8880 65 -4424 9383 -6478 -4906 -8921 3853 4014 -5184 6872 -5102 9103 -6261 2642 6806 -3254
-7003 -7495 -6623 -1868 -6203 -164 -3509 -3469 -7415 3092 -6654 5396 -8487 5103 -2839 -5381 -7533 200 -7556 -2241
-4118 -3685 1499 -9354 5384 -7175 -2651 -721 -941 -9161 2276 -3201 -4393 9036 2060 -4065 -8479 8155 -4451 -7948
